1       3       0            0           2.6095      0              0               0            1            0
2       2       0.217	0.127    0.40          0              0               0             1.045     0
3       1       0.024     0.012    0               0              0               0             1            0
4       1       0.076     0.016    0               0              0               0             1            0
5       2       0.9420   0.19      0               0.2691      0               0             1.01       0
6       1       0            0           0               0              0               0             1            0
7       1       0.228	0.109    0               0	              0               0             1            0
8       2       0.30       0.30      0               0               0               0             1.01       0
9       1       0            0           0               0              0               0             1            0
10      1      0.058     0.02      0               0              0               0             1            0
11      2      0            0           0               0              0               0             1.082      0
12      1      0.112	0.075    0               0              0               0             1            0
13      2      0            0           0               0              0               0              1.071     0
14      1      0.062     0.016    0               0              0               0             1            0
15      1      0.082     0.025    0               0               0               0             1            0
16      1      0.035     0.018    0               0              0               0             1            0
17      1      0.09       0.058    0               0              0               0             1            0
18      1      0.032     0.009    0               0              0               0             1            0
19      1      0.095     0.034    0               0              0               0             1            0
20      1      0.022     0.007    0               0              0               0             1            0
21      1      0.175	0.112    0               0              0               0             1            0
22      1      0            0           0               0              0               0             1            0
23      1      0.032     0.016    0               0              0               0             1            0
24      1      0.087     0.067    0               0              0               0             1            0
25      1      0            0           0               0              0               0             1            0
26      1      0.035     0.023    0               0               0               0             1            0
27      1      0            0           0               0               0               0             1            0
28      1      0            0           0               0               0               0             1            0
29      1      0.024     0.009    0               0                0               0             1            0
30      1      0.106	0.019    0               0                0               0             1            0